['poi',
 'bonus',
 'deferral_payments',
 'deferred_income',
 'salary',
 'total_stock_value',
 'bonus_to_salary_ratio',
 'pct_email_to_poi']
[array([  4.17500000e+06,   2.86971700e+06,  -3.08105500e+06,
         2.01955000e+05,   1.72954100e+06,   2.06729222e+01,
         2.96127563e-02]),
 array([      0.,  178980.,       0.,       0.,  257817.,       0.,       0.]),
 array([  0.00000000e+00,   0.00000000e+00,  -5.10400000e+03,
         4.77000000e+02,   5.24348700e+06,   0.00000000e+00,
         0.00000000e+00]),
 array([  1.20000000e+06,   1.29573800e+06,  -1.38605500e+06,
         2.67102000e+05,   1.06232580e+07,   4.49266572e+00,
         0.00000000e+00]),
 array([  4.00000000e+05,   2.60455000e+05,  -2.01641000e+05,
         2.39671000e+05,   6.30140000e+04,   1.66895453e+00,
         0.00000000e+00]),
 array([       0.,   684694.,        0.,    80818.,  1599641.,        0.,
              0.]),
 array([  7.00000000e+05,   0.00000000e+00,   0.00000000e+00,
         2.31330000e+05,   1.26027000e+05,   3.02598020e+00,
         8.88786553e-02]),
 array([  5.24999900e+06,   2.14401300e+06,  -2.33443400e+06,
         2.13999000e+05,   1.11070500e+06,   2.45328202e+01,
         2.23140496e-01]),
 array([      0., -102500.,       0.,       0.,  -44093.,       0.,       0.]),
 array([       0.,        0.,        0.,   216582.,  2493616.,        0.,
              0.]),
 array([  2.50000000e+05,   0.00000000e+00,  -4.85813000e+05,
         1.87922000e+05,   6.59249000e+05,   1.33033918e+00,
         0.00000000e+00]),
 array([ 0.        ,  0.        ,  0.        ,  0.        ,  0.        ,
        0.        ,  0.03448276]),
 array([  1.00000000e+06,   0.00000000e+00,   0.00000000e+00,
         2.13625000e+05,   1.84381600e+06,   4.68110006e+00,
         2.00000000e-01]),
 array([  8.50000000e+05,   0.00000000e+00,   0.00000000e+00,
         2.48546000e+05,   9.54354000e+05,   3.41989008e+00,
         1.42857143e-01]),
 array([      0.,       0., -113784.,       0.,       0.,       0.,       0.]),
 array([  1.35000000e+06,   0.00000000e+00,  -8.33000000e+02,
         2.78601000e+05,   2.52055000e+05,   4.84563946e+00,
         5.55555556e-01]),
 array([ 0.        ,  0.        ,  0.        ,  0.        ,  0.        ,
        0.        ,  0.02439024]),
 array([  5.00000000e+05,   0.00000000e+00,   0.00000000e+00,
         2.48017000e+05,   1.01450500e+06,   2.01599084e+00,
         0.00000000e+00]),
 array([  7.50000000e+05,   0.00000000e+00,  -7.50000000e+04,
         2.61516000e+05,   4.17619000e+05,   2.86789336e+00,
         0.00000000e+00]),
 array([  9.00000000e+05,   6.49584000e+05,  -6.94862000e+05,
         3.30546000e+05,   3.44447000e+06,   2.72276778e+00,
         6.74264008e-02]),
 array([  1.25000000e+06,   0.00000000e+00,  -2.62500000e+05,
         2.40189000e+05,   1.26027000e+05,   5.20423500e+00,
         1.73611111e-01]),
 array([  3.00000000e+05,   0.00000000e+00,  -1.59792000e+05,
         2.61809000e+05,   0.00000000e+00,   1.14587352e+00,
         4.66666667e-01]),
 array([  1.00000000e+06,   0.00000000e+00,  -2.35000000e+05,
         4.15189000e+05,   2.50206300e+06,   2.40854165e+00,
         2.44897959e-01]),
 array([     0.,      0., -98784.,      0.,      0.,      0.,      0.]),
 array([       0.,        0.,        0.,        0.,  6077885.,        0.,
              0.]),
 array([      0.,       0.,       0.,       0.,  189518.,       0.,       0.]),
 array([  1.20000000e+06,   2.76100000e+04,  -1.44062000e+05,
         2.88542000e+05,   6.98242000e+05,   4.15883996e+00,
         2.75000000e-01]),
 array([       0.,        0.,        0.,        0.,  1038185.,        0.,
              0.]),
 array([  8.00000000e+05,   0.00000000e+00,  -4.12500000e+04,
         3.14288000e+05,   4.95633000e+05,   2.54543603e+00,
         1.21212121e-01]),
 array([  3.25000000e+05,   0.00000000e+00,   0.00000000e+00,
         1.84899000e+05,   2.07940000e+05,   1.75771637e+00,
         0.00000000e+00]),
 array([  6.00000000e+05,   0.00000000e+00,   0.00000000e+00,
         2.06121000e+05,   1.59211000e+05,   2.91091155e+00,
         5.40540541e-02]),
 array([  3.00000000e+06,   0.00000000e+00,   0.00000000e+00,
         3.65163000e+05,   3.61426100e+06,   8.21550924e+00,
         1.98435973e-01]),
 array([  8.00000000e+05,   0.00000000e+00,  -1.28400000e+06,
         4.92375000e+05,   8.83191300e+06,   1.62477786e+00,
         2.20022002e-02]),
 array([  4.25000000e+05,   8.75307000e+05,  -7.75241000e+05,
         2.10500000e+05,   2.02786500e+06,   2.01900238e+00,
         0.00000000e+00]),
 array([  6.00000000e+05,   0.00000000e+00,   0.00000000e+00,
         2.50100000e+05,   1.86508700e+06,   2.39904038e+00,
         2.22222222e-01]),
 array([  1.00000000e+06,   0.00000000e+00,   0.00000000e+00,
         2.62788000e+05,   8.31778200e+06,   3.80534880e+00,
         0.00000000e+00]),
 array([  7.00000000e+04,   0.00000000e+00,   0.00000000e+00,
         2.21003000e+05,   0.00000000e+00,   3.16737782e-01,
         2.14285714e-01]),
 array([  8.00000000e+05,   0.00000000e+00,  -3.00000000e+05,
         2.78601000e+05,   1.08098800e+06,   2.87149005e+00,
         5.00000000e-01]),
 array([      0.,       0.,  -25000.,       0.,  371750.,       0.,       0.]),
 array([  7.50000000e+05,   0.00000000e+00,   0.00000000e+00,
         2.10692000e+05,   1.64091000e+06,   3.55969852e+00,
         2.50000000e-01]),
 array([  2.00000000e+05,   0.00000000e+00,   0.00000000e+00,
         1.82245000e+05,   1.00894100e+06,   1.09742380e+00,
         0.00000000e+00]),
 array([  3.50000000e+05,   0.00000000e+00,  -4.00729000e+05,
         1.70941000e+05,   6.67873500e+06,   2.04749007e+00,
         0.00000000e+00]),
 array([  2.50000000e+06,   0.00000000e+00,   0.00000000e+00,
         3.04588000e+05,   2.33239900e+06,   8.20780858e+00,
         4.93333333e-01]),
 array([  1.30000000e+06,   0.00000000e+00,  -1.38605500e+06,
         4.40698000e+05,   1.79441200e+06,   2.94986589e+00,
         0.00000000e+00]),
 array([  3.50000000e+05,   0.00000000e+00,   0.00000000e+00,
         1.99157000e+05,   1.62123600e+06,   1.75740747e+00,
         5.00000000e-01]),
 array([       0.,        0.,        0.,        0.,  1884748.,        0.,
              0.]),
 array([      0.,  181755.,       0.,       0.,  343434.,       0.,       0.]),
 array([  2.00000000e+06,   6.42699000e+06,  -3.36701100e+06,
         1.06093200e+06,   1.46221850e+07,   1.88513496e+00,
         2.85714286e-01]),
 array([      0.,   50591.,       0.,       0.,  176378.,       0.,       0.]),
 array([  5.09870000e+05,   7.31220000e+04,  -1.04200000e+03,
         1.92008000e+05,   3.18607000e+05,   2.65546227e+00,
         0.00000000e+00]),
 array([  8.50000000e+05,   0.00000000e+00,   0.00000000e+00,
         2.31946000e+05,   8.96153000e+05,   3.66464608e+00,
         6.13636364e-01]),
 array([       0.,        0.,        0.,        0.,  1945360.,        0.,
              0.]),
 array([       0.,   504610.,        0.,        0.,  2218275.,        0.,
              0.]),
 array([     0.,      0.,      0.,      0.,  85641.,      0.,      0.]),
 array([  6.00000000e+05,   0.00000000e+00,   0.00000000e+00,
         2.74975000e+05,   7.78546000e+05,   2.18201655e+00,
         3.75000000e-01]),
 array([  7.50000000e+05,   0.00000000e+00,   0.00000000e+00,
         2.72880000e+05,   8.77611000e+05,   2.74846086e+00,
         0.00000000e+00]),
 array([     0.,  93585.,      0.,   6615.,      0.,      0.,      0.]),
 array([  1.15000000e+06,   2.15752700e+06,  -9.34484000e+05,
         3.74125000e+05,   8.03094000e+05,   3.07383896e+00,
         3.14270994e-02]),
 array([  1.50000000e+06,   0.00000000e+00,  -3.11701100e+06,
         2.43293000e+05,   6.39106500e+06,   6.16540550e+00,
         6.56250000e-01]),
 array([  0.00000000e+00,   0.00000000e+00,   0.00000000e+00,
         0.00000000e+00,   2.21729900e+06,   0.00000000e+00,
         3.68421053e-01]),
 array([      0.,    7961.,       0.,       0.,  151418.,       0.,       0.]),
 array([  0.00000000e+00,   0.00000000e+00,   0.00000000e+00,
         0.00000000e+00,   3.46663000e+05,   0.00000000e+00,
         3.58152686e-02]),
 array([  7.00000000e+05,   0.00000000e+00,  -2.80000000e+05,
         2.62663000e+05,   6.68132000e+05,   2.66501182e+00,
         0.00000000e+00]),
 array([  1.70000000e+06,   0.00000000e+00,   0.00000000e+00,
         2.11788000e+05,   4.41096000e+05,   8.02689482e+00,
         3.70370370e-02]),
 array([  0.00000000e+00,   1.02590000e+04,   0.00000000e+00,
         0.00000000e+00,   3.07660640e+07,   0.00000000e+00,
         0.00000000e+00]),
 array([  0.00000000e+00,   3.13186000e+06,   0.00000000e+00,
         0.00000000e+00,   7.25664800e+06,   0.00000000e+00,
         1.39794967e-02]),
 array([  0.00000000e+00,   0.00000000e+00,   0.00000000e+00,
         0.00000000e+00,   1.11839400e+06,   0.00000000e+00,
         1.47058824e-01]),
 array([  0.00000000e+00,   2.96450600e+06,   0.00000000e+00,
         1.30724000e+05,   2.28276800e+06,   0.00000000e+00,
         1.00000000e+00]),
 array([  0.00000000e+00,   0.00000000e+00,   0.00000000e+00,
         8.52740000e+04,   5.81998000e+06,   0.00000000e+00,
         2.63157895e-01]),
 array([  2.50000000e+05,   0.00000000e+00,   0.00000000e+00,
         2.88558000e+05,   7.25735000e+05,   8.66376950e-01,
         3.39285714e-01]),
 array([      0.,       0.,  -25000.,       0.,  431750.,       0.,       0.]),
 array([  4.00000000e+05,   0.00000000e+00,   0.00000000e+00,
         2.75101000e+05,   9.76037000e+05,   1.45401144e+00,
         1.19014477e-02]),
 array([  1.00000000e+06,   0.00000000e+00,   0.00000000e+00,
         4.04338000e+05,   6.15364200e+06,   2.47317838e+00,
         5.72569907e-02]),
 array([       0.,        0.,   -51042.,   174246.,  1034346.,        0.,
              0.]),
 array([  3.10000000e+06,   0.00000000e+00,   0.00000000e+00,
         2.71442000e+05,   5.47143000e+05,   1.14204876e+01,
         1.12268519e-01]),
 array([  7.00000000e+05,   0.00000000e+00,   0.00000000e+00,
         3.09946000e+05,   1.92005500e+06,   2.25845792e+00,
         2.45901639e-01]),
 array([  8.00000000e+05,   0.00000000e+00,   0.00000000e+00,
         2.24305000e+05,   9.85032000e+05,   3.56657230e+00,
         0.00000000e+00]),
 array([  8.00000000e+06,   0.00000000e+00,   0.00000000e+00,
         3.39288000e+05,   5.16714400e+06,   2.35787885e+01,
         1.58994197e-01]),
 array([  7.00000000e+06,   2.02911000e+05,  -3.00000000e+05,
         1.07232100e+06,   4.91100780e+07,   6.52789603e+00,
         4.44444444e-01]),
 array([  1.00000000e+06,   0.00000000e+00,   0.00000000e+00,
         2.73746000e+05,   3.60528000e+05,   3.65302141e+00,
         2.22222222e-01]),
 array([      0.,       0.,  -25000.,       0.,  412878.,       0.,       0.]),
 array([      0.,       0.,       0.,       0.,  850477.,       0.,       0.]),
 array([  2.00000000e+05,   2.04075000e+05,   0.00000000e+00,
         2.36457000e+05,   3.06420800e+06,   8.45819747e-01,
         0.00000000e+00]),
 array([      0.,       0.,       0.,       0.,  372205.,       0.,       0.]),
 array([       0.,    85430.,        0.,   349487.,  2070306.,        0.,
              0.]),
 array([  0.00000000e+00,   0.00000000e+00,   0.00000000e+00,
         0.00000000e+00,   7.58931000e+05,   0.00000000e+00,
         9.30232558e-03]),
 array([  9.00000000e+05,   0.00000000e+00,  -1.25000000e+05,
         2.63413000e+05,   9.47861000e+05,   3.41668786e+00,
         0.00000000e+00]),
 array([  1.10000000e+06,   0.00000000e+00,   0.00000000e+00,
         3.65038000e+05,   3.10127900e+06,   3.01338491e+00,
         7.07512764e-02]),
 array([  0.00000000e+00,   0.00000000e+00,   0.00000000e+00,
         0.00000000e+00,   1.69136600e+06,   0.00000000e+00,
         7.69230769e-02]),
 array([  2.60000000e+06,   0.00000000e+00,   0.00000000e+00,
         3.70448000e+05,   1.66285500e+06,   7.01852892e+00,
         5.41666667e-01]),
 array([      0.,       0., -103750.,       0.,       0.,       0.,       0.]),
 array([  6.00000000e+05,   0.00000000e+00,   0.00000000e+00,
         3.65788000e+05,   5.85062000e+05,   1.64029438e+00,
         3.44827586e-02]),
 array([     0.,      0., -38346.,      0.,      0.,      0.,      0.]),
 array([       0.,  1848227.,        0.,        0.,   955873.,        0.,
              0.]),
 array([      0.,       0.,       0.,       0.,  221141.,       0.,       0.]),
 array([  3.25000000e+05,   0.00000000e+00,   0.00000000e+00,
         2.67093000e+05,   2.08510000e+05,   1.21680463e+00,
         0.00000000e+00]),
 array([  1.10000000e+06,   8.42924000e+05,  -7.19000000e+05,
         2.51654000e+05,   1.41684800e+06,   4.37108093e+00,
         0.00000000e+00]),
 array([  4.00000000e+05,   0.00000000e+00,   0.00000000e+00,
         2.29284000e+05,   5.97461000e+05,   1.74456133e+00,
         4.44444444e-02]),
 array([      0.,  774401.,       0.,       0.,  368705.,       0.,       0.]),
 array([  7.50000000e+05,   7.77160000e+04,   0.00000000e+00,
         3.29078000e+05,   2.60676300e+06,   2.27909493e+00,
         2.88461538e-01]),
 array([       0.,        0.,        0.,    94941.,  7307594.,        0.,
              0.]),
 array([  1.00000000e+06,   0.00000000e+00,   0.00000000e+00,
         2.61879000e+05,   2.38179300e+07,   3.81855743e+00,
         0.00000000e+00]),
 array([      0.,       0., -101250.,       0.,       0.,       0.,       0.]),
 array([  3.00000000e+05,   0.00000000e+00,   0.00000000e+00,
         6.55037000e+05,   2.87980000e+04,   4.57989396e-01,
         0.00000000e+00]),
 array([  4.00000000e+05,   1.13003600e+06,  -3.33330000e+04,
         1.97091000e+05,   8.80290000e+05,   2.02951936e+00,
         2.16216216e-01]),
 array([  0.00000000e+00,   0.00000000e+00,   0.00000000e+00,
         0.00000000e+00,   4.73040000e+04,   0.00000000e+00,
         6.25000000e-02]),
 array([     0.,      0., -17500.,      0.,      0.,      0.,      0.]),
 array([       0.,   564348.,        0.,        0.,  1095040.,        0.,
              0.]),
 array([  0.00000000e+00,   0.00000000e+00,   0.00000000e+00,
         9.68400000e+04,   7.89032400e+06,   0.00000000e+00,
         2.21719457e-01]),
 array([  1.00000000e+05,   5.13650000e+04,  -2.00000000e+05,
         7.63990000e+04,   4.22189100e+06,   1.30891766e+00,
         0.00000000e+00]),
 array([  1.75000000e+06,   0.00000000e+00,  -3.50438600e+06,
         4.20636000e+05,   2.25425390e+07,   4.16036668e+00,
         2.22222222e-01]),
 array([  7.00000000e+05,   2.14678000e+05,  -1.00000000e+05,
         2.49201000e+05,   1.91888700e+06,   2.80897749e+00,
         5.85365854e-01]),
 array([      0.,       0., -121284.,       0.,       0.,       0.,       0.]),
 array([      0.,       0.,       0.,       0.,  759557.,       0.,       0.]),
 array([  2.00000000e+06,   0.00000000e+00,   0.00000000e+00,
         3.04110000e+05,   2.07203500e+06,   6.57656769e+00,
         3.09585975e-02]),
 array([  6.50000000e+05,   0.00000000e+00,   0.00000000e+00,
         2.69076000e+05,   9.87001000e+05,   2.41567438e+00,
         5.34979424e-02]),
 array([  6.00000000e+05,   1.87469000e+05,   0.00000000e+00,
         2.48146000e+05,   4.94136000e+05,   2.41793138e+00,
         4.41176471e-02]),
 array([  2.00000000e+05,   0.00000000e+00,  -4.16700000e+03,
         2.11844000e+05,   2.49361600e+06,   9.44090935e-01,
         3.58974359e-01]),
 array([  0.00000000e+00,   0.00000000e+00,   0.00000000e+00,
         0.00000000e+00,   1.83246800e+06,   0.00000000e+00,
         7.20000000e-01]),
 array([  1.50000000e+06,   0.00000000e+00,   0.00000000e+00,
         4.28780000e+05,   3.12898200e+06,   3.49829750e+00,
         2.50000000e-01]),
 array([  5.60000000e+06,   0.00000000e+00,   0.00000000e+00,
         1.11125800e+06,   2.60936720e+07,   5.03933380e+00,
         2.77777778e-01]),
 array([  5.00000000e+05,   0.00000000e+00,   0.00000000e+00,
         2.39502000e+05,   5.11734000e+05,   2.08766524e+00,
         0.00000000e+00]),
 array([  1.00000000e+05,   1.81993000e+05,   0.00000000e+00,
         1.62779000e+05,   1.36237500e+06,   6.14329858e-01,
         0.00000000e+00]),
 array([  7.00000000e+05,   0.00000000e+00,   0.00000000e+00,
         2.57486000e+05,   6.98920000e+05,   2.71859441e+00,
         3.42105263e-01]),
 array([  6.00000000e+05,   2.27449000e+05,   0.00000000e+00,
         2.65214000e+05,   3.74504800e+06,   2.26232401e+00,
         0.00000000e+00]),
 array([       0.,    16586.,        0.,   222093.,  4817796.,        0.,
              0.]),
 array([  3.00000000e+05,   0.00000000e+00,  -5.75000000e+05,
         2.47338000e+05,   1.16804200e+06,   1.21291512e+00,
         5.78947368e-01]),
 array([  7.88750000e+05,   0.00000000e+00,   0.00000000e+00,
         2.88589000e+05,   0.00000000e+00,   2.73312566e+00,
         0.00000000e+00]),
 array([     0.,      0., -36666.,      0.,      0.,      0.,      0.]),
 array([  8.50000000e+05,   0.00000000e+00,   0.00000000e+00,
         3.57091000e+05,   5.89899700e+06,   2.38034563e+00,
         0.00000000e+00]),
 array([       0.,    53625.,        0.,        0.,  1030329.,        0.,
              0.]),
 array([  3.25000000e+05,   8.31299000e+05,  -5.83325000e+05,
         2.59996000e+05,   2.05642700e+06,   1.25001923e+00,
         2.33333333e-01]),
 array([      0.,       0.,  -10800.,   63744.,  384930.,       0.,       0.]),
 array([     0.,      0.,      0.,      0.,  98718.,      0.,      0.]),
 array([  3.00000000e+06,   0.00000000e+00,   0.00000000e+00,
         5.10364000e+05,   6.07913700e+06,   5.87815755e+00,
         4.31654676e-02]),
 array([  4.50000000e+05,   0.00000000e+00,   0.00000000e+00,
         3.17543000e+05,   1.51441230e+07,   1.41713091e+00,
         0.00000000e+00]),
 array([     0.,      0., -25000.,      0.,      0.,      0.,      0.]),
 array([      0.,       0.,       0.,       0.,  139130.,       0.,       0.]),
 array([        0.,         0.,         0.,    158403.,  11884758.,
               0.,         0.]),
 array([      0.,       0.,       0.,       0.,  192758.,       0.,       0.])]
[0.0,
 0.0,
 0.0,
 0.0,
 0.0,
 0.0,
 0.0,
 1.0,
 0.0,
 0.0,
 0.0,
 0.0,
 0.0,
 0.0,
 0.0,
 1.0,
 0.0,
 0.0,
 0.0,
 0.0,
 1.0,
 0.0,
 1.0,
 0.0,
 0.0,
 0.0,
 1.0,
 0.0,
 0.0,
 0.0,
 0.0,
 1.0,
 0.0,
 0.0,
 0.0,
 0.0,
 0.0,
 0.0,
 0.0,
 0.0,
 0.0,
 0.0,
 0.0,
 1.0,
 0.0,
 0.0,
 0.0,
 0.0,
 0.0,
 0.0,
 0.0,
 0.0,
 0.0,
 0.0,
 1.0,
 0.0,
 0.0,
 0.0,
 1.0,
 0.0,
 0.0,
 0.0,
 0.0,
 0.0,
 1.0,
 0.0,
 0.0,
 0.0,
 0.0,
 0.0,
 0.0,
 0.0,
 0.0,
 0.0,
 0.0,
 1.0,
 1.0,
 0.0,
 1.0,
 0.0,
 0.0,
 0.0,
 0.0,
 0.0,
 0.0,
 0.0,
 0.0,
 0.0,
 0.0,
 0.0,
 0.0,
 0.0,
 0.0,
 0.0,
 0.0,
 0.0,
 0.0,
 0.0,
 0.0,
 0.0,
 0.0,
 0.0,
 0.0,
 0.0,
 0.0,
 0.0,
 0.0,
 0.0,
 0.0,
 0.0,
 1.0,
 1.0,
 0.0,
 0.0,
 0.0,
 0.0,
 0.0,
 1.0,
 0.0,
 0.0,
 1.0,
 0.0,
 0.0,
 0.0,
 0.0,
 0.0,
 0.0,
 0.0,
 0.0,
 0.0,
 0.0,
 0.0,
 0.0,
 0.0,
 0.0,
 0.0,
 0.0,
 0.0,
 1.0,
 0.0]
('bonus', ':', 9.1437254961709034)
('deferral_payments', ':', 0.0020438346742485524)
('deferred_income', ':', 8.5254918648553879)
('salary', ':', 6.820320600599735)
('total_stock_value', ':', 8.9646198054453663)
('bonus_to_salary_ratio', ':', 7.9864290230695829)
('pct_email_to_poi', ':', 13.705838528160781)
['bonus', 'deferred_income', 'salary', 'total_stock_value', 'pct_email_to_poi']
{'select__k': 5}
['bonus', 'deferred_income', 'salary', 'total_stock_value', 'pct_email_to_poi']
{'select__k': 5, 'classify__criterion': 'gini'}
