[[  0.00000000e+00   2.01955000e+05]
 [  0.00000000e+00   4.77000000e+02]
 [  0.00000000e+00   2.67102000e+05]
 [  0.00000000e+00   2.39671000e+05]
 [  0.00000000e+00   8.08180000e+04]
 [  0.00000000e+00   2.31330000e+05]
 [  1.00000000e+00   2.13999000e+05]
 [  0.00000000e+00   2.16582000e+05]
 [  0.00000000e+00   1.87922000e+05]
 [  0.00000000e+00   2.13625000e+05]
 [  0.00000000e+00   2.48546000e+05]
 [  1.00000000e+00   2.78601000e+05]
 [  0.00000000e+00   2.48017000e+05]
 [  0.00000000e+00   2.61516000e+05]
 [  0.00000000e+00   3.30546000e+05]
 [  1.00000000e+00   2.40189000e+05]
 [  0.00000000e+00   2.61809000e+05]
 [  1.00000000e+00   4.15189000e+05]
 [  1.00000000e+00   2.88542000e+05]
 [  0.00000000e+00   3.14288000e+05]
 [  0.00000000e+00   1.84899000e+05]
 [  0.00000000e+00   2.06121000e+05]
 [  1.00000000e+00   3.65163000e+05]
 [  0.00000000e+00   4.92375000e+05]
 [  0.00000000e+00   2.10500000e+05]
 [  0.00000000e+00   2.50100000e+05]
 [  0.00000000e+00   2.62788000e+05]
 [  0.00000000e+00   2.21003000e+05]
 [  0.00000000e+00   2.78601000e+05]
 [  0.00000000e+00   2.10692000e+05]
 [  0.00000000e+00   1.82245000e+05]
 [  0.00000000e+00   1.70941000e+05]
 [  0.00000000e+00   3.04588000e+05]
 [  1.00000000e+00   4.40698000e+05]
 [  0.00000000e+00   1.99157000e+05]
 [  0.00000000e+00   1.06093200e+06]
 [  0.00000000e+00   1.92008000e+05]
 [  0.00000000e+00   2.31946000e+05]
 [  1.00000000e+00   2.74975000e+05]
 [  0.00000000e+00   2.72880000e+05]
 [  0.00000000e+00   6.61500000e+03]
 [  0.00000000e+00   3.74125000e+05]
 [  1.00000000e+00   2.43293000e+05]
 [  0.00000000e+00   2.62663000e+05]
 [  0.00000000e+00   2.11788000e+05]
 [  0.00000000e+00   1.30724000e+05]
 [  0.00000000e+00   8.52740000e+04]
 [  0.00000000e+00   2.88558000e+05]
 [  0.00000000e+00   2.75101000e+05]
 [  0.00000000e+00   4.04338000e+05]
 [  0.00000000e+00   1.74246000e+05]
 [  0.00000000e+00   2.71442000e+05]
 [  1.00000000e+00   3.09946000e+05]
 [  1.00000000e+00   2.24305000e+05]
 [  0.00000000e+00   3.39288000e+05]
 [  1.00000000e+00   1.07232100e+06]
 [  0.00000000e+00   2.73746000e+05]
 [  0.00000000e+00   2.36457000e+05]
 [  0.00000000e+00   3.49487000e+05]
 [  0.00000000e+00   2.63413000e+05]
 [  0.00000000e+00   3.65038000e+05]
 [  0.00000000e+00   3.70448000e+05]
 [  0.00000000e+00   3.65788000e+05]
 [  0.00000000e+00   2.67093000e+05]
 [  0.00000000e+00   2.51654000e+05]
 [  0.00000000e+00   2.29284000e+05]
 [  0.00000000e+00   3.29078000e+05]
 [  0.00000000e+00   9.49410000e+04]
 [  0.00000000e+00   2.61879000e+05]
 [  0.00000000e+00   6.55037000e+05]
 [  0.00000000e+00   1.97091000e+05]
 [  0.00000000e+00   9.68400000e+04]
 [  0.00000000e+00   7.63990000e+04]
 [  1.00000000e+00   4.20636000e+05]
 [  1.00000000e+00   2.49201000e+05]
 [  0.00000000e+00   3.04110000e+05]
 [  0.00000000e+00   2.69076000e+05]
 [  0.00000000e+00   2.48146000e+05]
 [  1.00000000e+00   2.11844000e+05]
 [  0.00000000e+00   4.28780000e+05]
 [  1.00000000e+00   1.11125800e+06]
 [  0.00000000e+00   2.39502000e+05]
 [  0.00000000e+00   1.62779000e+05]
 [  0.00000000e+00   2.57486000e+05]
 [  0.00000000e+00   2.65214000e+05]
 [  0.00000000e+00   2.22093000e+05]
 [  0.00000000e+00   2.47338000e+05]
 [  0.00000000e+00   2.67042290e+07]
 [  0.00000000e+00   2.88589000e+05]
 [  0.00000000e+00   3.57091000e+05]
 [  0.00000000e+00   2.59996000e+05]
 [  0.00000000e+00   6.37440000e+04]
 [  0.00000000e+00   5.10364000e+05]
 [  0.00000000e+00   3.17543000e+05]
 [  1.00000000e+00   1.58403000e+05]]
